pixel_domain: undistorted
image_width: 1280
image_height: 720
ransac_threshold_m: 0.03
mean_floor_error_m: 0.004666067659854889
rms_floor_error_m: 0.005186434835195541
max_floor_error_m: 0.011024368926882744
camera_model: opencv_radtan
camera_matrix:
- [767.6785888671875, 0.0, 637.4356079101562]
- [0.0, 765.5081787109375, 357.2587890625]
- [0.0, 0.0, 1.0]
dist_coeffs:
- -0.23739999532699585
- 0.07339999824762344
- 0.003449999960139394
- -0.00824000034481287
- -0.05139999836683273
src_points:
- [932.0, 363.0]
- [670.0, 370.0]
- [913.0, 113.0]
- [662.0, 114.0]
- [412.0, 127.0]
- [404.0, 376.0]
- [411.0, 637.0]
- [674.0, 641.0]
- [935.0, 627.0]
- [804.0, 366.0]
- [533.0, 373.0]
- [799.0, 235.0]
- [532.0, 244.0]
- [535.0, 508.0]
- [809.0, 505.0]
- [671.0, 508.0]
- [666.0, 235.0]
src_points_homography_domain:
- [946.4177856445312, 362.8127746582031]
- [670.04833984375, 370.0082702636719]
- [934.9640502929688, 94.38455200195312]
- [663.4041137695312, 106.77304077148438]
- [403.8104553222656, 116.82136535644531]
- [400.6143798828125, 376.06402587890625]
- [401.7187194824219, 649.7691040039062]
- [676.1832885742188, 649.9915161132812]
- [961.2966918945312, 647.9215698242188]
- [806.8468627929688, 366.00201416015625]
- [532.9014892578125, 372.9827880859375]
- [803.0587158203125, 232.08941650390625]
- [531.3645629882812, 242.92343139648438]
- [534.3499755859375, 509.3437805175781]
- [813.7431030273438, 508.3249206542969]
- [671.5715942382812, 509.26953125]
- [666.4102783203125, 233.91864013671875]
dst_points:
- [1.0099999904632568, 0.0]
- [0.0, 0.0]
- [1.0099999904632568, 1.0099999904632568]
- [0.0, 1.0099999904632568]
- [-1.0099999904632568, 1.0099999904632568]
- [-1.0099999904632568, 0.0]
- [-1.0099999904632568, -1.0099999904632568]
- [0.0, -1.0099999904632568]
- [1.0099999904632568, -1.0099999904632568]
- [0.5099999904632568, 0.0]
- [-0.5099999904632568, 0.0]
- [0.5099999904632568, 0.5099999904632568]
- [-0.5099999904632568, 0.5099999904632568]
- [-0.5099999904632568, -0.5099999904632568]
- [0.5099999904632568, -0.5099999904632568]
- [0.0, -0.5099999904632568]
- [0.0, 0.5099999904632568]
homography_matrix:
- [0.004061448012515648, -9.164876483558998e-05, -2.6834339775980305]
- [-9.861875363385691e-05, -0.004087003974962859, 1.5798807425789885]
- [8.574736937465696e-05, 0.0001062498060448441, 1.0]
homography_inv_matrix:
- [233.59565472533515, 10.621419721264893, 610.0579404327472]
- [-12.85169967068184, -235.60938512947678, 337.74804277074355]
- [-0.018664722292691616, 0.024122692672229315, 0.9118034724053535]
