x: 1.0907931327819824
y: 0.02659793570637703
yaw: 90.90272554917429
