x: -0.014165491797029972
y: 0.03154667839407921
yaw: 0.9089184969407277
