x: 0.5730247497558594
y: -0.4840333163738251
yaw: 91.52925953980136
