x: 0.38108276913860734
y: 1.2368178016944011
yaw: 0.3305490545336909
