x: 1.0433677434921265
y: 0.009138617664575577
yaw: 91.0898486669795
