x: 0.017921430990099907
y: 0.024058841168880463
yaw: 1.3878641830630372
