x: 1.120584487915039
y: 0.06616851687431335
yaw: 90.90913163238781
