x: 0.26570542500265043
y: 1.0620049488349252
yaw: 1.6958728026993555
