x: -1.0121289491653442
y: -0.9938768148422241
yaw: 2.118169005609664
