x: -0.001410128315910697
y: 0.04326116293668747
yaw: 1.3360223702603775
